*Vertices 175
2136
1183
992
946
930
742
599
540
447
443
443
325
262
240
238
236
236
229
229
219
194
188
175
173
169
167
159
149
149
145
145
130
125
116
108
104
100
100
94
93
91
91
86
84
83
79
77
77
76
76
75
72
69
65
64
62
61
55
53
53
50
47
44
44
43
42
40
38
36
36
35
35
34
29
26
26
25
24
23
23
23
22
21
21
20
19
19
17
17
17
16
16
16
15
15
15
14
14
13
12
12
11
11
11
11
11
10
10
10
10
9
9
8
8
8
8
8
8
7
7
7
7
7
6
6
5
5
5
5
5
5
5
4
4
4
3
3
3
2
2
2
2
2
2
2
2
2
2
2
2
2
1
1
1
1
1
1
1
1
1
1
1
1
1
0
0
0
0
0
0
0
0
0
0
0
